dydXn_tmp = [
[                 (X1*((10695424522560783688914497582281*((114696768842791*s^2)/1125899906842624 + (6706199637786739*s)/1125899906842624 + 6141946156574873/140737488355328)*(- (7188315828673671*s^2)/576460752303423488 + (5510026787814019*s)/144115188075855872 + 8493349582583247/36028797018963968)*(X5 + X7*s + X6/s + X8*s^2))/(309485009821345068724781056*((3270385989842909*((114696768842791*s^2)/1125899906842624 + (6706199637786739*s)/1125899906842624 + 6141946156574873/140737488355328)*(X1 + X3*s + X2/s + X4*s^2))/(17592186044416*(s^2 + (5427432012510929*s)/281474976710656 + 3270385989842909/17592186044416)*(s^4 + (6513472655160535*s^3)/562949953421312 - (5792061684755569*s^2)/281474976710656 - (2424327883972157*s)/70368744177664 + 2683470430016509/8796093022208)) + (3270385989842909*(- (3134868833080985*s^2)/562949953421312 + (3134868833080985*s)/633825300114114700748351602688 + 6731875922943077/140737488355328)*(X5 + X7*s + X6/s + X8*s^2))/(17592186044416*(s^2 + (5427432012510929*s)/281474976710656 + 3270385989842909/17592186044416)*(s^4 + (6513472655160535*s^3)/562949953421312 - (5792061684755569*s^2)/281474976710656 - (2424327883972157*s)/70368744177664 + 2683470430016509/8796093022208)) + 1)^2*(s^2 + (5427432012510929*s)/281474976710656 + 3270385989842909/17592186044416)^2*(s^4 + (6513472655160535*s^3)/562949953421312 - (5792061684755569*s^2)/281474976710656 - (2424327883972157*s)/70368744177664 + 2683470430016509/8796093022208)^2) - (3270385989842909*((8132673825628865*s^2)/1152921504606846976 + (1650392832622403*s)/18014398509481984 - 7883356877286171/288230376151711744))/(17592186044416*((3270385989842909*((114696768842791*s^2)/1125899906842624 + (6706199637786739*s)/1125899906842624 + 6141946156574873/140737488355328)*(X1 + X3*s + X2/s + X4*s^2))/(17592186044416*(s^2 + (5427432012510929*s)/281474976710656 + 3270385989842909/17592186044416)*(s^4 + (6513472655160535*s^3)/562949953421312 - (5792061684755569*s^2)/281474976710656 - (2424327883972157*s)/70368744177664 + 2683470430016509/8796093022208)) + (3270385989842909*(- (3134868833080985*s^2)/562949953421312 + (3134868833080985*s)/633825300114114700748351602688 + 6731875922943077/140737488355328)*(X5 + X7*s + X6/s + X8*s^2))/(17592186044416*(s^2 + (5427432012510929*s)/281474976710656 + 3270385989842909/17592186044416)*(s^4 + (6513472655160535*s^3)/562949953421312 - (5792061684755569*s^2)/281474976710656 - (2424327883972157*s)/70368744177664 + 2683470430016509/8796093022208)) + 1)*(s^2 + (5427432012510929*s)/281474976710656 + 3270385989842909/17592186044416)*(s^4 + (6513472655160535*s^3)/562949953421312 - (5792061684755569*s^2)/281474976710656 - (2424327883972157*s)/70368744177664 + 2683470430016509/8796093022208)) + (10695424522560783688914497582281*((8132673825628865*s^2)/1152921504606846976 + (1650392832622403*s)/18014398509481984 - 7883356877286171/288230376151711744)*((114696768842791*s^2)/1125899906842624 + (6706199637786739*s)/1125899906842624 + 6141946156574873/140737488355328)*(X1 + X3*s + X2/s + X4*s^2))/(309485009821345068724781056*((3270385989842909*((114696768842791*s^2)/1125899906842624 + (6706199637786739*s)/1125899906842624 + 6141946156574873/140737488355328)*(X1 + X3*s + X2/s + X4*s^2))/(17592186044416*(s^2 + (5427432012510929*s)/281474976710656 + 3270385989842909/17592186044416)*(s^4 + (6513472655160535*s^3)/562949953421312 - (5792061684755569*s^2)/281474976710656 - (2424327883972157*s)/70368744177664 + 2683470430016509/8796093022208)) + (3270385989842909*(- (3134868833080985*s^2)/562949953421312 + (3134868833080985*s)/633825300114114700748351602688 + 6731875922943077/140737488355328)*(X5 + X7*s + X6/s + X8*s^2))/(17592186044416*(s^2 + (5427432012510929*s)/281474976710656 + 3270385989842909/17592186044416)*(s^4 + (6513472655160535*s^3)/562949953421312 - (5792061684755569*s^2)/281474976710656 - (2424327883972157*s)/70368744177664 + 2683470430016509/8796093022208)) + 1)^2*(s^2 + (5427432012510929*s)/281474976710656 + 3270385989842909/17592186044416)^2*(s^4 + (6513472655160535*s^3)/562949953421312 - (5792061684755569*s^2)/281474976710656 - (2424327883972157*s)/70368744177664 + 2683470430016509/8796093022208)^2))*((114696768842791*s^2)/1125899906842624 + (6706199637786739*s)/1125899906842624 + 6141946156574873/140737488355328))/(s^4 + (6513472655160535*s^3)/562949953421312 - (5792061684755569*s^2)/281474976710656 - (2424327883972157*s)/70368744177664 + 2683470430016509/8796093022208),                 (X2*((114696768842791*s^2)/1125899906842624 + (6706199637786739*s)/1125899906842624 + 6141946156574873/140737488355328)*((10695424522560783688914497582281*((114696768842791*s^2)/1125899906842624 + (6706199637786739*s)/1125899906842624 + 6141946156574873/140737488355328)*(- (7188315828673671*s^2)/576460752303423488 + (5510026787814019*s)/144115188075855872 + 8493349582583247/36028797018963968)*(X5 + X7*s + X6/s + X8*s^2))/(309485009821345068724781056*s*((3270385989842909*((114696768842791*s^2)/1125899906842624 + (6706199637786739*s)/1125899906842624 + 6141946156574873/140737488355328)*(X1 + X3*s + X2/s + X4*s^2))/(17592186044416*(s^2 + (5427432012510929*s)/281474976710656 + 3270385989842909/17592186044416)*(s^4 + (6513472655160535*s^3)/562949953421312 - (5792061684755569*s^2)/281474976710656 - (2424327883972157*s)/70368744177664 + 2683470430016509/8796093022208)) + (3270385989842909*(- (3134868833080985*s^2)/562949953421312 + (3134868833080985*s)/633825300114114700748351602688 + 6731875922943077/140737488355328)*(X5 + X7*s + X6/s + X8*s^2))/(17592186044416*(s^2 + (5427432012510929*s)/281474976710656 + 3270385989842909/17592186044416)*(s^4 + (6513472655160535*s^3)/562949953421312 - (5792061684755569*s^2)/281474976710656 - (2424327883972157*s)/70368744177664 + 2683470430016509/8796093022208)) + 1)^2*(s^2 + (5427432012510929*s)/281474976710656 + 3270385989842909/17592186044416)^2*(s^4 + (6513472655160535*s^3)/562949953421312 - (5792061684755569*s^2)/281474976710656 - (2424327883972157*s)/70368744177664 + 2683470430016509/8796093022208)^2) - (3270385989842909*((8132673825628865*s^2)/1152921504606846976 + (1650392832622403*s)/18014398509481984 - 7883356877286171/288230376151711744))/(17592186044416*s*((3270385989842909*((114696768842791*s^2)/1125899906842624 + (6706199637786739*s)/1125899906842624 + 6141946156574873/140737488355328)*(X1 + X3*s + X2/s + X4*s^2))/(17592186044416*(s^2 + (5427432012510929*s)/281474976710656 + 3270385989842909/17592186044416)*(s^4 + (6513472655160535*s^3)/562949953421312 - (5792061684755569*s^2)/281474976710656 - (2424327883972157*s)/70368744177664 + 2683470430016509/8796093022208)) + (3270385989842909*(- (3134868833080985*s^2)/562949953421312 + (3134868833080985*s)/633825300114114700748351602688 + 6731875922943077/140737488355328)*(X5 + X7*s + X6/s + X8*s^2))/(17592186044416*(s^2 + (5427432012510929*s)/281474976710656 + 3270385989842909/17592186044416)*(s^4 + (6513472655160535*s^3)/562949953421312 - (5792061684755569*s^2)/281474976710656 - (2424327883972157*s)/70368744177664 + 2683470430016509/8796093022208)) + 1)*(s^2 + (5427432012510929*s)/281474976710656 + 3270385989842909/17592186044416)*(s^4 + (6513472655160535*s^3)/562949953421312 - (5792061684755569*s^2)/281474976710656 - (2424327883972157*s)/70368744177664 + 2683470430016509/8796093022208)) + (10695424522560783688914497582281*((8132673825628865*s^2)/1152921504606846976 + (1650392832622403*s)/18014398509481984 - 7883356877286171/288230376151711744)*((114696768842791*s^2)/1125899906842624 + (6706199637786739*s)/1125899906842624 + 6141946156574873/140737488355328)*(X1 + X3*s + X2/s + X4*s^2))/(309485009821345068724781056*s*((3270385989842909*((114696768842791*s^2)/1125899906842624 + (6706199637786739*s)/1125899906842624 + 6141946156574873/140737488355328)*(X1 + X3*s + X2/s + X4*s^2))/(17592186044416*(s^2 + (5427432012510929*s)/281474976710656 + 3270385989842909/17592186044416)*(s^4 + (6513472655160535*s^3)/562949953421312 - (5792061684755569*s^2)/281474976710656 - 