dydXn_tmp = [
[                (X1*((114696768842791*s^2)/1125899906842624 + (7733106393835423*s)/562949953421312 + 8321416286910113/35184372088832)*((10695424522560783688914497582281*((114696768842791*s^2)/1125899906842624 + (7733106393835423*s)/562949953421312 + 8321416286910113/35184372088832)*((8132673825628867*s^2)/1152921504606846976 + (7612456565939375*s)/36028797018963968 + 4676095700977221/4503599627370496)*(X1 + X3*s + X2/s + X4*s^2))/(309485009821345068724781056*((3270385989842909*((114696768842791*s^2)/1125899906842624 + (7733106393835423*s)/562949953421312 + 8321416286910113/35184372088832)*(X1 + X3*s + X2/s + X4*s^2))/(17592186044416*(s^2 + (5427432012510929*s)/281474976710656 + 3270385989842909/17592186044416)*(s^4 + (1877716879761641*s^3)/70368744177664 + (6906384751810067*s^2)/70368744177664 + (6473119079840471*s)/17592186044416 + 1409092472320267/8796093022208)) - (3270385989842909*((1567434416540493*s^2)/281474976710656 + (4702303249621479*s)/633825300114114700748351602688 - 841484490367885/17592186044416)*(X5 + X7*s + X6/s + X8*s^2))/(17592186044416*(s^2 + (5427432012510929*s)/281474976710656 + 3270385989842909/17592186044416)*(s^4 + (1877716879761641*s^3)/70368744177664 + (6906384751810067*s^2)/70368744177664 + (6473119079840471*s)/17592186044416 + 1409092472320267/8796093022208)) + 1)^2*(s^2 + (5427432012510929*s)/281474976710656 + 3270385989842909/17592186044416)^2*(s^4 + (1877716879761641*s^3)/70368744177664 + (6906384751810067*s^2)/70368744177664 + (6473119079840471*s)/17592186044416 + 1409092472320267/8796093022208)^2) - (3270385989842909*((8132673825628867*s^2)/1152921504606846976 + (7612456565939375*s)/36028797018963968 + 4676095700977221/4503599627370496))/(17592186044416*((3270385989842909*((114696768842791*s^2)/1125899906842624 + (7733106393835423*s)/562949953421312 + 8321416286910113/35184372088832)*(X1 + X3*s + X2/s + X4*s^2))/(17592186044416*(s^2 + (5427432012510929*s)/281474976710656 + 3270385989842909/17592186044416)*(s^4 + (1877716879761641*s^3)/70368744177664 + (6906384751810067*s^2)/70368744177664 + (6473119079840471*s)/17592186044416 + 1409092472320267/8796093022208)) - (3270385989842909*((1567434416540493*s^2)/281474976710656 + (4702303249621479*s)/633825300114114700748351602688 - 841484490367885/17592186044416)*(X5 + X7*s + X6/s + X8*s^2))/(17592186044416*(s^2 + (5427432012510929*s)/281474976710656 + 3270385989842909/17592186044416)*(s^4 + (1877716879761641*s^3)/70368744177664 + (6906384751810067*s^2)/70368744177664 + (6473119079840471*s)/17592186044416 + 1409092472320267/8796093022208)) + 1)*(s^2 + (5427432012510929*s)/281474976710656 + 3270385989842909/17592186044416)*(s^4 + (1877716879761641*s^3)/70368744177664 + (6906384751810067*s^2)/70368744177664 + (6473119079840471*s)/17592186044416 + 1409092472320267/8796093022208)) + (10695424522560783688914497582281*((114696768842791*s^2)/1125899906842624 + (7733106393835423*s)/562949953421312 + 8321416286910113/35184372088832)*(- (898539478584209*s^2)/72057594037927936 + (3176883010085253*s)/36028797018963968 + 2123337395645815/9007199254740992)*(X5 + X7*s + X6/s + X8*s^2))/(309485009821345068724781056*((3270385989842909*((114696768842791*s^2)/1125899906842624 + (7733106393835423*s)/562949953421312 + 8321416286910113/35184372088832)*(X1 + X3*s + X2/s + X4*s^2))/(17592186044416*(s^2 + (5427432012510929*s)/281474976710656 + 3270385989842909/17592186044416)*(s^4 + (1877716879761641*s^3)/70368744177664 + (6906384751810067*s^2)/70368744177664 + (6473119079840471*s)/17592186044416 + 1409092472320267/8796093022208)) - (3270385989842909*((1567434416540493*s^2)/281474976710656 + (4702303249621479*s)/633825300114114700748351602688 - 841484490367885/17592186044416)*(X5 + X7*s + X6/s + X8*s^2))/(17592186044416*(s^2 + (5427432012510929*s)/281474976710656 + 3270385989842909/17592186044416)*(s^4 + (1877716879761641*s^3)/70368744177664 + (6906384751810067*s^2)/70368744177664 + (6473119079840471*s)/17592186044416 + 1409092472320267/8796093022208)) + 1)^2*(s^2 + (5427432012510929*s)/281474976710656 + 3270385989842909/17592186044416)^2*(s^4 + (1877716879761641*s^3)/70368744177664 + (6906384751810067*s^2)/70368744177664 + (6473119079840471*s)/17592186044416 + 1409092472320267/8796093022208)^2)))/(s^4 + (1877716879761641*s^3)/70368744177664 + (6906384751810067*s^2)/70368744177664 + (6473119079840471*s)/17592186044416 + 1409092472320267/8796093022208),                (X2*((114696768842791*s^2)/1125899906842624 + (7733106393835423*s)/562949953421312 + 8321416286910113/35184372088832)*((10695424522560783688914497582281*((114696768842791*s^2)/1125899906842624 + (7733106393835423*s)/562949953421312 + 8321416286910113/35184372088832)*((8132673825628867*s^2)/1152921504606846976 + (7612456565939375*s)/36028797018963968 + 4676095700977221/4503599627370496)*(X1 + X3*s + X2/s + X4*s^2))/(309485009821345068724781056*s*((3270385989842909*((114696768842791*s^2)/1125899906842624 + (7733106393835423*s)/562949953421312 + 8321416286910113/35184372088832)*(X1 + X3*s + X2/s + X4*s^2))/(17592186044416*(s^2 + (5427432012510929*s)/281474976710656 + 3270385989842909/17592186044416)*(s^4 + (1877716879761641*s^3)/70368744177664 + (6906384751810067*s^2)/70368744177664 + (6473119079840471*s)/17592186044416 + 1409092472320267/8796093022208)) - (3270385989842909*((1567434416540493*s^2)/281474976710656 + (4702303249621479*s)/633825300114114700748351602688 - 841484490367885/17592186044416)*(X5 + X7*s + X6/s + X8*s^2))/(17592186044416*(s^2 + (5427432012510929*s)/281474976710656 + 3270385989842909/17592186044416)*(s^4 + (1877716879761641*s^3)/70368744177664 + (6906384751810067*s^2)/70368744177664 + (6473119079840471*s)/17592186044416 + 1409092472320267/8796093022208)) + 1)^2*(s^2 + (5427432012510929*s)/281474976710656 + 3270385989842909/17592186044416)^2*(s^4 + (1877716879761641*s^3)/70368744177664 + (6906384751810067*s^2)/70368744177664 + (6473119079840471*s)/17592186044416 + 1409092472320267/8796093022208)^2) - (3270385989842909*((8132673825628867*s^2)/1152921504606846976 + (7612456565939375*s)/36028797018963968 + 4676095700977221/4503599627370496))/(17592186044416*s*((3270385989842909*((114696768842791*s^2)/1125899906842624 + (7733106393835423*s)/562949953421312 + 8321416286910113/35184372088832)*(X1 + X3*s + X2/s + X4*s^2))/(17592186044416*(s^2 + (5427432012510929*s)/281474976710656 + 3270385989842909/17592186044416)*(s^4 + (1877716879761641*s^3)/70368744177664 + (6906384751810067*s^2)/70368744177664 + (6473119079840471*s)/17592186044416 + 1409092472320267/8796093022208)) - (3270385989842909*((1567434416540493*s^2)/281474976710656 + (4702303249621479*s)/633825300114114700748351602688 - 841484490367885/17592186044416)*(X5 + X7*s + X6/s + X8*s^2))/(17592186044416*(s^2 + (5427432012510929*s)/281474976710656 + 3270385989842909/17592186044416)*(s^4 + (1877716879761641*s^3)/70368744177664 + (6906384751810067*s^2)/70368744177664 + (6473119079840471*s)/17592186044416 + 1409092472320267/8796093022208)) + 1)*(s^2 + (5427432012510929*s)/281474976710656 + 3270385989842909/17592186044416)*(s^4 + (1877716879761641*s^3)/70368744177664 + (6906384751810067*s^2)/70368744177664 + (6473119079840471*s)/17592186044416 + 1409092472320267/8796093022208)) + (10695424522560783688914497582281*((114696768842791*s^2)/1125899906842624 + (7733106393835423*s)/562949953421312 + 8321416286910113/35184372088832)*(- (898539478584209*s^2)/72057594037927936 + (3176883010085253*s)/36028797018963968 + 2123337395645815/9007199254740992)*(X5 + X7*s + X6/s + X8*s^2))/(309485009821345068724781056*s*((3270385989842909*((114696768842791*s^2)/1125899906842624 + (7733106393835423*s)/562949953421312 + 8321416286910113/35184372088832)*(X1 + X3*s + X2/s + X4*s^2))/(17592186044416*(s^2 + (5427432012510929*s)/281474976710656 + 3270385989842909/17592186044416)*(s^4 + (1877716879761641*s^3)/70368744177664 + (6906384751810067*s^2)/70368744177664 + (6473119079840471*s)/17592186044416 + 1409092472320267/8796093022208)) - 